9241421688590303232
9241421723151892480
9241426103887200256
9241430502534807552
9241448232093745152
4615107802297532416
9242552003798237184
9243677904640409600
9245943121392173056
9245934308120330240
9234653079178313728
9250420110075363328
9229015109431721984
9243677938800656384
9226811534315094016
9242569699331932160
9245938654898814976
9244812635876360192
9247064743384449024
9248199457766113280
9257277042812780544
2889098830082211840
6924359348827979776
5198302152387723264
875972428137758720
1751944321619460096
13880199708087681024
13848613402707755008
6920933204906213376
1735025846762340352
1444604503368663040
1735091214147649536
2892489981308960768
9530782379958337536
9819012758114926592
4910071539280904192
5199432450741370880
903051045095079936
10396599890283593728
1748535907451928576
13855363924141539328
2919533383343931392
5199564153235439616
9819012724023623680
2599716561826086912
1444569817223790592
3462287643958050816
9530756628596654080
1735100406925361152
1444675095660855296
13845213199310782464
2599716923947614208
2889098831160147968
5198306347838078976
10396581782511419392
11551944322572877824
5201834059551735808
2885769511433404416
2901470537478045696
875972497398300672
1739538310730874880
1766550509640482816
885102671295676416
1756549079467032576
870365264585162752
3470046330109034496
2887973497794199552
1732874736749510656
5207335568860774400
1735166015242764288
1735166015243812864
1735188092975579136
6923172101832835072
5199550993790140416
1743038486743351296
5778268422910246912
5193816746985521152
6924306609259413504
2888109528862949376
2901466430684004352
4913472035404644352
3495994837270528000
2597671230418190336
1444591859196755968
6921052517211308032
1444723338405740544
13846356759583916032
1444591910802161664
2919533879949524992
11551755275707613184
9819013306125910016
2632459778321547264
5785050073731432448
2919533879548444672
4911351693944553472
9837093280596885504
4910146974803296256
4903355893054701568
884016388836163584
883999257893797888
1444640375480778752
5207410938490912768
9530800075492032512
9530910061274595328
9530804508164620288
901956139346296832
884016387231842304
2599817614430568448
4937194683965636608
9530805041734877184
4937194477810352128
1444714731969970176
1444776304216375296
5207348867964862464
13854255717763514368
13854260580059971584
5805254700739330048
13854260150436364288
11539440832647790592
9837097800041234432
9837102197953527808
1444723544840994816
11566466622229839872
5191582439169064960
9837111096790220800
1735236797378592768
6924377010675122176
5198473745195073536
2901501939396640768
5776011780453302272
1461611834397425664
2888087950477492224
1461480307325927424
2888101093077417984
10396599564140019712
1461611836001746944
2888030449935843328
11548386354901024768
9819021589305360384
11548452325594759168
9819021588370292736
5225411782687588352
5225350088107229184
5225425042937479168
13845252849841995776
9819153631297404928
1739678414252015616
918796122797113344
9819021707490361344
4940563623823802368
5225363266470150144
1739700438842474496
1465983578522517504
5772572575187337216
3471180647212253184
2633564339283165184
1456963460552196096
1792490017764671488
880673855571755008
4949676116884062208
912075906591490048
880564042056859648
894132013465075712
4947301173513945088
2623439264543670272
880564041923166208
4915727494410141696
5237744383790153728
9527585103483764736
4915899600849338368
5237734867759005696
1462592960824606720
5237796680924659712
4912332940898467840
2657216261741084672
9533043011969613824
9533043012036198400
5237743902761156608
5216351565630144512
4956392347500544000
9821273903575859200
13874574867052625920
9535295119544549376
9554479159107387392
9536420951935680512
879508511834767360
889518585412845568
13884782731192958976
10388788771445014528
9541043298810724352
4963090589852368896
4924849628521431040
13847474171501084672
11554068631928963072
9807824368111452160
5229915863351296000
1792595743084380160
1462593288315076608
889518584878071808
13882509061405802496
10405677269041020928
4963160683718639616
2643727454304993280
13850869155505635328
13863262850173632512
10405677253332303872
9821335476223344640
5234401631213977600
1792595707789312000
1465970850932195328
13850869155105079296
13847474069025587200
10397734621519544320
13847597127281934336
13856498757385584640
10388788994914385920
10384258921046736896
3480188397708115968
10405677493045166080
3513965326187102208
10404595487704088576
2602157513819029504
3471387578880753664
13850878020184440832
11552943023408807936
11550673787031912448
13847614876302966784
4933931147025186816
9544372653720600576
11555243185359552512
13852149638936395776
4049910465567653888
2041314032873897984
2042444365185679360
3178477612654657536
5501239545203261440
3186354513553391616
3178473334665117696
2057248069617713152
3759411420181561344
3178499723945312256
8091891131746877440
3178499861854289920
10109503766487367680
5488859028583874560
4047694623692554240
10685964997612797952
10109486277111840768
3178539187520667648
16183795573635940352
16183777844548861952
3178530441818013696
6404228845100859392
4056727438274068480
7552646750080335872
3178530149969428480
7517717999138897920
2041305564480536576
4056666604349685760
7517717896462336000
2039062801274372096
3178582927468658688
11845755974515687424
10976447414893281280
11841243579332165632
10980950808899092480
3178596121607405568
3178600519787347968
10976583343018868736
12130626280298905600
3178600519386267648
10976513249152598016
12130556186432634880
2030165501639131136
8082866857109618688
16165851819287511040
4047703129010208768
4063404189681451008
6065254361019711488
15009420263871479808
3768418808955142144
16165728160743948288
6065254515301679104
3227045395085131776
8126926484431175680
4050016226864529408
3759547758547828736
3178609468418818048
6396285976525406208
7230722839482728448
2046944136525512704
4056833095873855488
6068649806738489344
5492197851463942144
3759596085519843328
14137974180309106688
16155587072132644864
3178613850764738560
14139100080215425024
3178618266391412736
5484439696944922624
3759596087130456064
2060507299648897024
3178618248810725376
4091735991975149568
14139100338979078144
3178618249278652416
10976447448518754304
12130661325761937408
5492320995823058944
7549216841812148224
12147417917527687168
3768651389284909056
3194380864281378816
7517700441993117696
15035377703293026304
3233686204874227712
10685982487659151360
6092377336777015296
2072984557059833856
10686118842400505856
10111909891916169216
6396304134771572736
12721675488844316672
2050383391051218944
12129386185542598656
2050383512043520000
10981034508817268736
2050383408431104000
10118563879739195392
11843469129916350464
10114025335989207040
10105084107430297600
11267145250826354688
11266947407732801536
12420026434627829760
13001000197973082112
12420066755164766208
17939223648522731520
18049651735527424
18049686297116672
18054067032424448
18058465680031744
36072865267449856
18076195238969344
3421783870144512
19179966943461376
20305867785633792
22571084537397248
22562271265554432
11281042323537920
27048073220587520
5643072576946176
45194636330532864
40607320412520448
6830324351238144
19180777008529408
20305901945880576
11281591887200256
13524854772072448
40611719862288384
3439497460318208
19197662477156352
22566618044039168
5876033010794496
3562798922858496
54091697393762304
54092091392524288
3633717158608896
21440599021584384
23692706529673216
24827420911337472
8048786645450752
8048787648151552
15820378359988224
47451006123638784
23693240651481088
8110721274216448
23693258441359360
23693311250006016
63081700072882176
33905005958004736
35253226045440
35287787634688
39668522942464
44067170549760
44068248485888
61796729487360
185099202330624
68853956608
103415545856
134479872
262144
0
