9241421688590041088
9241439384123736064
9243682320601317376
9245934428176252928
9255011962352304128
1751953341513990144
9820143075052224512
10396604306244501504
11556395283147390976
11551882887963869184
5775893669651415040
13848613488940810240
2889253159396442112
10396621796290854912
1761022699682922496
9829203188304052224
11554108438548054016
10977586699051204608
12130665743192686592
12711639506604785664
17359363050498424832
18049651735265280
18067347268960256
20310283746541568
22562391321477120
22562943224774656
31639925497528320
35253225783296
52948759478272
68853694464
134217728
0
